sec	ECG
0.032	-0.0178833
0.034	-0.0160522
0.036	-0.0133667
0.038	-0.0101929
0.04	-0.00762939
0.042	-0.00604248
0.044	-0.00598145
0.046	-0.00708008
0.048	-0.00878906
0.05	-0.010498
0.052	-0.012207
0.054	-0.0134888
0.056	-0.0140991
0.058	-0.0137329
0.06	-0.0126953
0.062	-0.0114746
0.064	-0.010437
0.066	-0.0103149
0.068	-0.0109863
0.07	-0.0117188
0.072	-0.0129395
0.074	-0.0137939
0.076	-0.0142822
0.078	-0.0145874
0.08	-0.0148315
0.082	-0.0153809
0.084	-0.0161133
0.086	-0.0168457
0.088	-0.0175171
0.09	-0.0178223
0.092	-0.0175781
0.094	-0.0170898
0.096	-0.0166016
0.098	-0.0162964
0.1	-0.0162964
0.102	-0.0162964
0.104	-0.0162964
0.106	-0.0160522
0.108	-0.0158081
0.11	-0.015686
0.112	-0.015686
0.114	-0.015625
0.116	-0.0151978
0.118	-0.0147095
0.12	-0.0148926
0.122	-0.0170288
0.124	-0.0222168
0.126	-0.0308228
0.128	-0.0432739
0.13	-0.0584717
0.132	-0.0737305
0.134	-0.0855103
0.136	-0.0914917
0.138	-0.0904541
0.14	-0.081604
0.142	-0.0644531
0.144	-0.0384521
0.146	-0.00445557
0.148	0.0356445
0.15	0.0795288
0.152	0.124207
0.154	0.170349
0.156	0.224121
0.158	0.292786
0.16	0.381409
0.162	0.487549
0.164	0.596008
0.166	0.682434
0.168	0.724365
0.17	0.71051
0.172	0.641907
0.174	0.528503
0.176	0.385315
0.178	0.230591
0.18	0.0834961
0.182	-0.0394287
0.184	-0.125427
0.186	-0.168396
0.188	-0.171448
0.19	-0.145874
0.192	-0.106934
0.194	-0.0689697
0.196	-0.0410767
0.198	-0.026062
0.2	-0.0213013
0.202	-0.0211792
0.204	-0.0217285
0.206	-0.0214233
0.208	-0.0213623
0.21	-0.0238647
0.212	-0.0298462
0.214	-0.0385132
0.216	-0.0480347
0.218	-0.0548096
0.22	-0.057251
0.222	-0.0561523
0.224	-0.0531616
0.226	-0.0507813
0.228	-0.0509033
0.23	-0.053833
0.232	-0.0576782
0.234	-0.0605469
0.236	-0.0609131
0.238	-0.0587158
0.24	-0.0551147
0.242	-0.0518188
0.244	-0.0501099
0.246	-0.0506592
0.248	-0.0527344
0.25	-0.0552368
0.252	-0.0566406
0.254	-0.0567627
0.256	-0.0560913
0.258	-0.0551147
0.26	-0.0541992
0.262	-0.0535278
0.264	-0.0535889
0.266	-0.053833
0.268	-0.0540771
0.27	-0.0539551
0.272	-0.0532227
0.274	-0.0524902
0.276	-0.0518799
0.278	-0.0517578
0.28	-0.052063
0.282	-0.0527954
0.284	-0.0535278
0.286	-0.0542603
0.288	-0.0549927
0.29	-0.0559692
0.292	-0.0569458
0.294	-0.0578613
0.296	-0.0585938
0.298	-0.0593262
0.3	-0.0600586
0.302	-0.060791
0.304	-0.0615234
0.306	-0.0621338
0.308	-0.0621338
0.31	-0.0616455
0.312	-0.0610352
0.314	-0.0603027
0.316	-0.0595703
0.318	-0.0588379
0.32	-0.0581055
0.322	-0.057373
0.324	-0.0566406
0.326	-0.0562744
0.328	-0.0568848
0.33	-0.0581055
0.332	-0.0593262
0.334	-0.0605469
0.336	-0.0612793
0.338	-0.0617676
0.34	-0.0622559
0.342	-0.0628662
0.344	-0.0635986
0.346	-0.0643311
0.348	-0.0653076
0.35	-0.0662842
0.352	-0.0672607
0.354	-0.0682373
0.356	-0.0687256
0.358	-0.0687256
0.36	-0.0687256
0.362	-0.0687256
0.364	-0.0690918
0.366	-0.0700684
0.368	-0.0710449
0.37	-0.0718384
0.372	-0.0725708
0.374	-0.072937
0.376	-0.0726929
0.378	-0.0718994
0.38	-0.0709229
0.382	-0.0695801
0.384	-0.0675049
0.386	-0.0653076
0.388	-0.0631104
0.39	-0.0609131
0.392	-0.0587158
0.394	-0.0565186
0.396	-0.0539551
0.398	-0.0512695
0.4	-0.0485229
0.402	-0.0454712
0.404	-0.041687
0.406	-0.0375366
0.408	-0.0333862
0.41	-0.0292358
0.412	-0.0250854
0.414	-0.0209351
0.416	-0.0167847
0.418	-0.0126343
0.42	-0.00848389
0.422	-0.0043335
0.424	-0.000244141
0.426	0.00311279
0.428	0.00598145
0.43	0.00805664
0.432	0.00915527
0.434	0.00933838
0.436	0.00909424
0.438	0.00860596
0.44	0.00793457
0.442	0.00683594
0.444	0.00543213
0.446	0.00396729
0.448	0.00250244
0.45	0.0010376
0.452	-0.000793457
0.454	-0.00360107
0.456	-0.00720215
0.458	-0.0108643
0.46	-0.0141602
0.462	-0.0168457
0.464	-0.0189209
0.466	-0.0206299
0.468	-0.0223389
0.47	-0.0239258
0.472	-0.0246582
0.474	-0.0251465
0.476	-0.0256348
0.478	-0.026123
0.48	-0.0266113
0.482	-0.0270996
0.484	-0.027832
0.486	-0.0288086
0.488	-0.0297852
0.49	-0.0307617
0.492	-0.0317383
0.494	-0.0327148
0.496	-0.0336914
0.498	-0.034668
0.5	-0.0355835
0.502	-0.0360107
0.504	-0.0359497
0.506	-0.0355225
0.508	-0.0350342
0.51	-0.0345459
0.512	-0.0341797
0.514	-0.0343628
0.516	-0.0344238
0.518	-0.0343628
0.52	-0.0341187
0.522	-0.0338745
0.524	-0.0336304
0.526	-0.0333862
0.528	-0.0331421
0.53	-0.0328979
0.532	-0.0326538
0.534	-0.0320435
0.536	-0.0310669
0.538	-0.0296631
0.54	-0.0281982
0.542	-0.0273438
0.544	-0.0272827
0.546	-0.0272827
0.548	-0.0272827
0.55	-0.0272827
0.552	-0.0272827
0.554	-0.0275269
0.556	-0.027771
0.558	-0.0280151
0.56	-0.0283203
0.562	-0.0288086
0.564	-0.0292969
0.566	-0.0291748
0.568	-0.0289307
0.57	-0.0286865
0.572	-0.0282593
0.574	-0.0271606
0.576	-0.0259399
0.578	-0.0247192
0.58	-0.0241089
0.582	-0.0241699
0.584	-0.0244141
0.586	-0.0246582
0.588	-0.0249023
0.59	-0.0251465
0.592	-0.0253906
0.594	-0.0256348
0.596	-0.0258789
0.598	-0.0263672
0.6	-0.0268555
0.602	-0.0273438
0.604	-0.027832
0.606	-0.0283203
0.608	-0.0288086
0.61	-0.0292358
0.612	-0.0297241
0.614	-0.0299683
0.616	-0.0293579
0.618	-0.0281372
0.62	-0.0269775
0.622	-0.0262451
0.624	-0.026001
0.626	-0.026062
0.628	-0.026062
0.63	-0.026062
0.632	-0.026062
0.634	-0.0258179
0.636	-0.0253296
0.638	-0.0248413
0.64	-0.024353
0.642	-0.0239258
0.644	-0.0241699
0.646	-0.0252075
0.648	-0.0264282
0.65	-0.0272827
0.652	-0.0271606
0.654	-0.0262451
0.656	-0.0253906
0.658	-0.0250244
0.66	-0.0255737
0.662	-0.0263062
0.664	-0.0270386
0.666	-0.02771
0.668	-0.0279541
0.67	-0.0279541
0.672	-0.0279541
0.674	-0.0279541
0.676	-0.0279541
0.678	-0.0279541
0.68	-0.0280151
0.682	-0.0286865
0.684	-0.0294189
0.686	-0.0299683
0.688	-0.0300903
0.69	-0.0296021
0.692	-0.0288696
0.694	-0.0281372
0.696	-0.0274048
0.698	-0.0269775
0.7	-0.0270996
0.702	-0.0275269
0.704	-0.0280151
0.706	-0.0285034
0.708	-0.0289307
0.71	-0.0285645
0.712	-0.0274658
0.714	-0.0256348
0.716	-0.0224609
0.718	-0.0181885
0.72	-0.0133057
0.722	-0.00842285
0.724	-0.00335693
0.726	0.00195313
0.728	0.00646973
0.73	0.00964355
0.732	0.0108643
0.734	0.0102539
0.736	0.0078125
0.738	0.00408936
0.74	0.000976563
0.742	0.000305176
0.744	0.00408936
0.746	0.0125122
0.748	0.0238647
0.75	0.0359497
0.752	0.0471191
0.754	0.055603
0.756	0.0595093
0.758	0.0578003
0.76	0.0499878
0.762	0.0371094
0.764	0.0211182
0.766	0.00469971
0.768	-0.0100098
0.77	-0.0212402
0.772	-0.0285645
0.774	-0.0327759
0.776	-0.0351563
0.778	-0.0368652
0.78	-0.0384521
0.782	-0.0395508
0.784	-0.0396118
0.786	-0.0387573
0.788	-0.0371094
0.79	-0.0354004
0.792	-0.0338135
0.794	-0.0319824
0.796	-0.0306396
0.798	-0.0302124
0.8	-0.0303345
0.802	-0.0309448
0.804	-0.0322876
0.806	-0.0341797
0.808	-0.0362549
0.81	-0.0373535
0.812	-0.0378418
0.814	-0.0376587
0.816	-0.0366211
0.818	-0.0354004
0.82	-0.0341797
0.822	-0.032959
0.824	-0.0317383
0.826	-0.0305786
0.828	-0.0298462
0.83	-0.0290527
0.832	-0.0286255
0.834	-0.0285645
0.836	-0.0289307
0.838	-0.0294189
0.84	-0.0299683
0.842	-0.0308228
0.844	-0.0317993
0.846	-0.0327759
0.848	-0.0335083
0.85	-0.0336304
0.852	-0.0328979
0.854	-0.0317993
0.856	-0.0303345
0.858	-0.0288086
0.86	-0.0271606
0.862	-0.0262451
0.864	-0.0255127
0.866	-0.0247803
0.868	-0.0241089
0.87	-0.024231
0.872	-0.026123
0.874	-0.0308838
0.876	-0.0391235
0.878	-0.0500488
0.88	-0.0631714
0.882	-0.0768433
0.884	-0.0881958
0.886	-0.0941162
0.888	-0.0935059
0.89	-0.0859985
0.892	-0.071106
0.894	-0.0479126
0.896	-0.0170288
0.898	0.0197144
0.9	0.0610962
0.902	0.104858
0.904	0.149902
0.906	0.200623
0.908	0.263977
0.91	0.345276
0.912	0.444336
0.914	0.54834
0.916	0.633728
0.918	0.677368
0.92	0.66687
0.922	0.6026
0.924	0.493835
0.926	0.355042
0.928	0.204468
0.93	0.0605469
0.932	-0.0598755
0.934	-0.143555
0.936	-0.184021
0.938	-0.184021
0.94	-0.154358
0.942	-0.110596
0.944	-0.0673218
0.946	-0.0344849
0.948	-0.0159912
0.95	-0.0098877
0.952	-0.0106201
0.954	-0.0132446
0.956	-0.0158081
0.958	-0.0184937
0.96	-0.0230713
0.962	-0.0307007
0.964	-0.0400391
0.966	-0.0485229
0.968	-0.0532227
0.97	-0.0532837
0.972	-0.0498047
0.974	-0.0449829
0.976	-0.0413818
0.978	-0.0407715
0.98	-0.0429077
0.982	-0.0463257
0.984	-0.0490723
0.986	-0.0501099
0.988	-0.0496826
0.99	-0.0480957
0.992	-0.0457153
0.994	-0.043457
0.996	-0.0421753
0.998	-0.0422974
1	-0.0432129
1.002	-0.0441895
1.004	-0.0445557
1.006	-0.0439453
1.008	-0.0429688
